43761|2011-06-15 00:00:00|5|3578,27|286,2616|89,4568|3953,9884
43762|2011-06-16 00:00:00|5|3578,27|286,2616|89,4568|3953,9884
43763|2011-06-16 00:00:00|5|3578,27|286,2616|89,4568|3953,9884
43764|2011-06-16 00:00:00|5|3578,27|286,2616|89,4568|3953,9884
43765|2011-06-16 00:00:00|5|3399,99|271,9992|84,9998|3756,989
43766|2011-06-17 00:00:00|5|3578,27|286,2616|89,4568|3953,9884
43767|2011-06-17 00:00:00|5|3374,99|269,9992|84,3748|3729,364
43768|2011-06-18 00:00:00|5|3578,27|286,2616|89,4568|3953,9884
43769|2011-06-18 00:00:00|5|3578,27|286,2616|89,4568|3953,9884
43770|2011-06-18 00:00:00|5|3578,27|286,2616|89,4568|3953,9884
43771|2011-06-18 00:00:00|5|699,0982|55,9279|17,4775|772,5036
43772|2011-06-18 00:00:00|5|3578,27|286,2616|89,4568|3953,9884
43773|2011-06-18 00:00:00|5|3578,27|286,2616|89,4568|3953,9884
43774|2011-06-18 00:00:00|5|3578,27|286,2616|89,4568|3953,9884
43775|2011-06-18 00:00:00|5|3399,99|271,9992|84,9998|3756,989
43776|2011-06-19 00:00:00|5|3578,27|286,2616|89,4568|3953,9884
43777|2011-06-19 00:00:00|5|3578,27|286,2616|89,4568|3953,9884
43778|2011-06-19 00:00:00|5|3399,99|271,9992|84,9998|3756,989
43779|2011-06-19 00:00:00|5|699,0982|55,9279|17,4775|772,5036
43780|2011-06-20 00:00:00|5|3578,27|286,2616|89,4568|3953,9884
43781|2011-06-20 00:00:00|5|3578,27|286,2616|89,4568|3953,9884
43782|2011-06-20 00:00:00|5|3578,27|286,2616|89,4568|3953,9884
43783|2011-06-20 00:00:00|5|3578,27|286,2616|89,4568|3953,9884
43784|2011-06-21 00:00:00|5|3578,27|286,2616|89,4568|3953,9884
43785|2011-06-21 00:00:00|5|3578,27|286,2616|89,4568|3953,9884
43786|2011-06-21 00:00:00|5|3578,27|286,2616|89,4568|3953,9884
43787|2011-06-21 00:00:00|5|3399,99|271,9992|84,9998|3756,989
43788|2011-06-21 00:00:00|5|3374,99|269,9992|84,3748|3729,364
43789|2011-06-21 00:00:00|5|3374,99|269,9992|84,3748|3729,364
43790|2011-06-21 00:00:00|5|3399,99|271,9992|84,9998|3756,989
43791|2011-06-21 00:00:00|5|3578,27|286,2616|89,4568|3953,9884
43792|2011-06-21 00:00:00|5|3578,27|286,2616|89,4568|3953,9884
43793|2011-06-21 00:00:00|5|3399,99|271,9992|84,9998|3756,989
43794|2011-06-21 00:00:00|5|3399,99|271,9992|84,9998|3756,989
43795|2011-06-22 00:00:00|5|3578,27|286,2616|89,4568|3953,9884
43796|2011-06-22 00:00:00|5|699,0982|55,9279|17,4775|772,5036
43797|2011-06-22 00:00:00|5|3578,27|286,2616|89,4568|3953,9884
43798|2011-06-22 00:00:00|5|3578,27|286,2616|89,4568|3953,9884
43799|2011-06-22 00:00:00|5|3578,27|286,2616|89,4568|3953,9884
43800|2011-06-23 00:00:00|5|3578,27|286,2616|89,4568|3953,9884
43801|2011-06-23 00:00:00|5|3578,27|286,2616|89,4568|3953,9884
43802|2011-06-23 00:00:00|5|3578,27|286,2616|89,4568|3953,9884
43803|2011-06-24 00:00:00|5|3578,27|286,2616|89,4568|3953,9884
43804|2011-06-24 00:00:00|5|3578,27|286,2616|89,4568|3953,9884
43805|2011-06-24 00:00:00|5|699,0982|55,9279|17,4775|772,5036
43806|2011-06-24 00:00:00|5|3578,27|286,2616|89,4568|3953,9884
43807|2011-06-25 00:00:00|5|3578,27|286,2616|89,4568|3953,9884
43808|2011-06-25 00:00:00|5|3578,27|286,2616|89,4568|3953,9884
43809|2011-06-25 00:00:00|5|3578,27|286,2616|89,4568|3953,9884
43810|2011-06-25 00:00:00|5|3399,99|271,9992|84,9998|3756,989
43811|2011-06-25 00:00:00|5|3399,99|271,9992|84,9998|3756,989
43812|2011-06-26 00:00:00|5|3578,27|286,2616|89,4568|3953,9884
44332|2011-09-03 00:00:00|5|3578,27|286,2616|89,4568|3953,9884
44333|2011-09-04 00:00:00|5|3399,99|271,9992|84,9998|3756,989
44334|2011-09-04 00:00:00|5|3578,27|286,2616|89,4568|3953,9884
44335|2011-09-04 00:00:00|5|699,0982|55,9279|17,4775|772,5036
44336|2011-09-04 00:00:00|5|3399,99|271,9992|84,9998|3756,989
44337|2011-09-04 00:00:00|5|3374,99|269,9992|84,3748|3729,364
44338|2011-09-04 00:00:00|5|3578,27|286,2616|89,4568|3953,9884
44339|2011-09-04 00:00:00|5|3578,27|286,2616|89,4568|3953,9884
44340|2011-09-04 00:00:00|5|3578,27|286,2616|89,4568|3953,9884
44341|2011-09-05 00:00:00|5|3374,99|269,9992|84,3748|3729,364
44342|2011-09-05 00:00:00|5|699,0982|55,9279|17,4775|772,5036
44343|2011-09-05 00:00:00|5|3578,27|286,2616|89,4568|3953,9884
44344|2011-09-06 00:00:00|5|3578,27|286,2616|89,4568|3953,9884
44345|2011-09-06 00:00:00|5|3578,27|286,2616|89,4568|3953,9884
44346|2011-09-06 00:00:00|5|699,0982|55,9279|17,4775|772,5036
44347|2011-09-06 00:00:00|5|3578,27|286,2616|89,4568|3953,9884
44348|2011-09-07 00:00:00|5|3578,27|286,2616|89,4568|3953,9884
44349|2011-09-07 00:00:00|5|3578,27|286,2616|89,4568|3953,9884
44350|2011-09-07 00:00:00|5|3578,27|286,2616|89,4568|3953,9884
44351|2011-09-07 00:00:00|5|3578,27|286,2616|89,4568|3953,9884
44352|2011-09-07 00:00:00|5|3578,27|286,2616|89,4568|3953,9884
44353|2011-09-07 00:00:00|5|699,0982|55,9279|17,4775|772,5036
44354|2011-09-07 00:00:00|5|699,0982|55,9279|17,4775|772,5036
44355|2011-09-07 00:00:00|5|3399,99|271,9992|84,9998|3756,989
44356|2011-09-07 00:00:00|5|3399,99|271,9992|84,9998|3756,989
44357|2011-09-07 00:00:00|5|3578,27|286,2616|89,4568|3953,9884
44358|2011-09-07 00:00:00|5|3578,27|286,2616|89,4568|3953,9884
44359|2011-09-08 00:00:00|5|3578,27|286,2616|89,4568|3953,9884
44360|2011-09-08 00:00:00|5|3578,27|286,2616|89,4568|3953,9884